  8,1    0     1266     0.020508753  7703  I  RS 33392 + 8 [mobi_io_latency]
  8,1    0     1267     0.020510709  7703  D  RS 33392 + 8 (     1956 ) [mobi_io_latency]
  8,1    0     1268     0.020568468     0  C  RS 33392 + 8 (    57759 ) [0]
  8,1    0     1272     0.020587744  7703  I  RS 33400 + 8 [mobi_io_latency]
  8,1    0     1273     0.020589769  7703  D  RS 33400 + 8 (     2025 ) [mobi_io_latency]
  8,1    0     1274     0.020648087     0  C  RS 33400 + 8 (    58318 ) [0]
  8,1    0     1278     0.020668201  7703  I  RS 33408 + 8 [mobi_io_latency]
  8,1    0     1279     0.020670296  7703  D  RS 33408 + 8 (     2095 ) [mobi_io_latency]
  8,1    0     1280     0.020697045     0  C  RS 33408 + 8 (    26749 ) [0]
  8,1    0     1284     0.020714506  7703  I  RS 21128 + 8 [mobi_io_latency]
  8,1    0     1285     0.020716531  7703  D  RS 21128 + 8 (     2025 ) [mobi_io_latency]
  8,1    0     1286     0.020811306     0  C  RS 21128 + 8 (    94775 ) [0]
  8,1    0     1290     0.021215896  7703  I  WM 12304 + 8 [mobi_io_latency]
  8,1    0     1291     0.021221833  7703  D  WM 12304 + 8 (     5937 ) [mobi_io_latency]
  8,1    0     1295     0.021229725  7703  I  WM 12320 + 8 [mobi_io_latency]
  8,1    0     1296     0.021231471  7703  D  WM 12320 + 8 (     1746 ) [mobi_io_latency]
  8,1    0     1300     0.021237338  7703  I  WM 12336 + 8 [mobi_io_latency]
  8,1    0     1301     0.021238944  7703  D  WM 12336 + 8 (     1606 ) [mobi_io_latency]
  8,1    0     1305     0.021244531  7703  I  WM 12352 + 8 [mobi_io_latency]
  8,1    0     1306     0.021246068  7703  D  WM 12352 + 8 (     1537 ) [mobi_io_latency]
  8,1    0     1309     0.021255147  7703  C  WM 12304 + 8 (    33314 ) [0]
  8,1    0     1311     0.021261992  7703  I  WM 12376 + 16 [mobi_io_latency]
  8,1    0     1312     0.021263738  7703  D  WM 12376 + 16 (     1746 ) [mobi_io_latency]
  8,1    0     1313     0.021269046  7703  C  WM 12320 + 8 (    37575 ) [0]
  8,1    0     1315     0.021278684  7703  C  WM 12336 + 8 (    39740 ) [0]
  8,1    0     1318     0.021283852  7703  I  WM 12408 + 8 [mobi_io_latency]
  8,1    0     1319     0.021285458  7703  D  WM 12408 + 8 (     1606 ) [mobi_io_latency]
  8,1    0     1323     0.021291884  7703  I  WM 12424 + 16 [mobi_io_latency]
  8,1    0     1324     0.021293420  7703  D  WM 12424 + 16 (     1536 ) [mobi_io_latency]
  8,1    0     1325     0.021298868  7703  C  WM 12352 + 8 (    52800 ) [0]
  8,1    0     1329     0.021310322  7703  C  WM 12376 + 16 (    46584 ) [0]